(kicad_pcb (version 20171130) (host pcbnew "(5.1.9-0-10_14)")

  (general
    (thickness 1.6)
    (drawings 11)
    (tracks 338)
    (zones 0)
    (modules 15)
    (nets 24)
  )

  (page A4)
  (title_block
    (title "Shelly Tasmotizer")
    (date 2021-05-02)
    (rev 4)
    (company "Adrian Kennard Andrews & Arnold Ltd")
    (comment 1 www.me.uk)
  )

  (layers
    (0 F.Cu signal)
    (31 B.Cu signal)
    (32 B.Adhes user hide)
    (33 F.Adhes user hide)
    (34 B.Paste user hide)
    (35 F.Paste user hide)
    (36 B.SilkS user)
    (37 F.SilkS user)
    (38 B.Mask user)
    (39 F.Mask user)
    (40 Dwgs.User user hide)
    (41 Cmts.User user hide)
    (42 Eco1.User user hide)
    (43 Eco2.User user hide)
    (44 Edge.Cuts user)
    (45 Margin user hide)
    (46 B.CrtYd user)
    (47 F.CrtYd user)
    (48 B.Fab user hide)
    (49 F.Fab user hide)
  )

  (setup
    (last_trace_width 0.25)
    (user_trace_width 0.5)
    (trace_clearance 0.2)
    (zone_clearance 0.508)
    (zone_45_only no)
    (trace_min 0.2)
    (via_size 0.8)
    (via_drill 0.4)
    (via_min_size 0.4)
    (via_min_drill 0.3)
    (uvia_size 0.3)
    (uvia_drill 0.1)
    (uvias_allowed no)
    (uvia_min_size 0.2)
    (uvia_min_drill 0.1)
    (edge_width 0.1)
    (segment_width 0.2)
    (pcb_text_width 0.3)
    (pcb_text_size 1.5 1.5)
    (mod_edge_width 0.15)
    (mod_text_size 1 1)
    (mod_text_width 0.15)
    (pad_size 1.524 1.524)
    (pad_drill 0.762)
    (pad_to_mask_clearance 0)
    (aux_axis_origin 0 0)
    (visible_elements FFFFFF7F)
    (pcbplotparams
      (layerselection 0x010fc_ffffffff)
      (usegerberextensions false)
      (usegerberattributes true)
      (usegerberadvancedattributes true)
      (creategerberjobfile true)
      (excludeedgelayer true)
      (linewidth 0.100000)
      (plotframeref false)
      (viasonmask false)
      (mode 1)
      (useauxorigin false)
      (hpglpennumber 1)
      (hpglpenspeed 20)
      (hpglpendiameter 15.000000)
      (psnegative false)
      (psa4output false)
      (plotreference true)
      (plotvalue true)
      (plotinvisibletext false)
      (padsonsilk false)
      (subtractmaskfromsilk false)
      (outputformat 1)
      (mirror false)
      (drillshape 0)
      (scaleselection 1)
      (outputdirectory ""))
  )

  (net 0 "")
  (net 1 GND)
  (net 2 VBUS)
  (net 3 RXD)
  (net 4 +3V3)
  (net 5 GPIO0)
  (net 6 TXD)
  (net 7 RST)
  (net 8 D-)
  (net 9 D+)
  (net 10 "Net-(U1-Pad14)")
  (net 11 "Net-(C1-Pad1)")
  (net 12 "Net-(J4-PadA7)")
  (net 13 "Net-(J4-PadA6)")
  (net 14 "Net-(J4-PadA8)")
  (net 15 "Net-(J4-PadA5)")
  (net 16 "Net-(J4-PadB5)")
  (net 17 "Net-(J4-PadB8)")
  (net 18 "Net-(U1-Pad16)")
  (net 19 "Net-(U1-Pad7)")
  (net 20 "Net-(D1-Pad2)")
  (net 21 "Net-(D1-Pad1)")
  (net 22 "Net-(J1-Pad3)")
  (net 23 "Net-(R6-Pad1)")

  (net_class Default "This is the default net class."
    (clearance 0.2)
    (trace_width 0.25)
    (via_dia 0.8)
    (via_drill 0.4)
    (uvia_dia 0.3)
    (uvia_drill 0.1)
    (add_net +3V3)
    (add_net D+)
    (add_net D-)
    (add_net GND)
    (add_net GPIO0)
    (add_net "Net-(C1-Pad1)")
    (add_net "Net-(D1-Pad1)")
    (add_net "Net-(D1-Pad2)")
    (add_net "Net-(J1-Pad3)")
    (add_net "Net-(J4-PadA5)")
    (add_net "Net-(J4-PadA6)")
    (add_net "Net-(J4-PadA7)")
    (add_net "Net-(J4-PadA8)")
    (add_net "Net-(J4-PadB5)")
    (add_net "Net-(J4-PadB8)")
    (add_net "Net-(R6-Pad1)")
    (add_net "Net-(U1-Pad14)")
    (add_net "Net-(U1-Pad16)")
    (add_net "Net-(U1-Pad7)")
    (add_net RST)
    (add_net RXD)
    (add_net TXD)
    (add_net VBUS)
  )

  (module Capacitor_SMD:C_0603_1608Metric_Pad1.08x0.95mm_HandSolder (layer F.Cu) (tedit 60892C9C) (tstamp 607D7AAE)
    (at 183 63.5 90)
    (descr "Capacitor SMD 0603 (1608 Metric), square (rectangular) end terminal, IPC_7351 nominal with elongated pad for handsoldering. (Body size source: IPC-SM-782 page 76, https://www.pcb-3d.com/wordpress/wp-content/uploads/ipc-sm-782a_amendment_1_and_2.pdf), generated with kicad-footprint-generator")
    (tags "capacitor handsolder")
    (path /60815E33)
    (attr smd)
    (fp_text reference C1 (at 0 -1.25 90) (layer F.SilkS)
      (effects (font (size 0.5 0.5) (thickness 0.1)))
    )
    (fp_text value 100nF (at 0 0 90) (layer F.Fab)
      (effects (font (size 0.3 0.3) (thickness 0.05)))
    )
    (fp_line (start 1.65 0.73) (end -1.65 0.73) (layer F.CrtYd) (width 0.05))
    (fp_line (start 1.65 -0.73) (end 1.65 0.73) (layer F.CrtYd) (width 0.05))
    (fp_line (start -1.65 -0.73) (end 1.65 -0.73) (layer F.CrtYd) (width 0.05))
    (fp_line (start -1.65 0.73) (end -1.65 -0.73) (layer F.CrtYd) (width 0.05))
    (fp_line (start -0.146267 0.51) (end 0.146267 0.51) (layer F.SilkS) (width 0.12))
    (fp_line (start -0.146267 -0.51) (end 0.146267 -0.51) (layer F.SilkS) (width 0.12))
    (fp_line (start 0.8 0.4) (end -0.8 0.4) (layer F.Fab) (width 0.1))
    (fp_line (start 0.8 -0.4) (end 0.8 0.4) (layer F.Fab) (width 0.1))
    (fp_line (start -0.8 -0.4) (end 0.8 -0.4) (layer F.Fab) (width 0.1))
    (fp_line (start -0.8 0.4) (end -0.8 -0.4) (layer F.Fab) (width 0.1))
    (fp_text user %R (at -1.25 0) (layer F.Fab)
      (effects (font (size 0.4 0.4) (thickness 0.06)))
    )
    (pad 2 smd roundrect (at 0.8625 0 90) (size 1.075 0.95) (layers F.Cu F.Paste F.Mask) (roundrect_rratio 0.25)
      (net 1 GND))
    (pad 1 smd roundrect (at -0.8625 0 90) (size 1.075 0.95) (layers F.Cu F.Paste F.Mask) (roundrect_rratio 0.25)
      (net 11 "Net-(C1-Pad1)"))
    (model ${KISYS3DMOD}/Capacitor_SMD.3dshapes/C_0603_1608Metric.wrl
      (at (xyz 0 0 0))
      (scale (xyz 1 1 1))
      (rotate (xyz 0 0 0))
    )
  )

  (module Resistor_SMD:R_0603_1608Metric_Pad0.98x0.95mm_HandSolder (layer F.Cu) (tedit 60892CB3) (tstamp 607B06BA)
    (at 183 70.5 90)
    (descr "Resistor SMD 0603 (1608 Metric), square (rectangular) end terminal, IPC_7351 nominal with elongated pad for handsoldering. (Body size source: IPC-SM-782 page 72, https://www.pcb-3d.com/wordpress/wp-content/uploads/ipc-sm-782a_amendment_1_and_2.pdf), generated with kicad-footprint-generator")
    (tags "resistor handsolder")
    (path /607B2A32)
    (attr smd)
    (fp_text reference R5 (at 0 1 90) (layer F.SilkS)
      (effects (font (size 0.5 0.5) (thickness 0.1)))
    )
    (fp_text value 27R (at 0 0 90) (layer F.Fab)
      (effects (font (size 0.3 0.3) (thickness 0.05)))
    )
    (fp_line (start 1.65 0.73) (end -1.65 0.73) (layer F.CrtYd) (width 0.05))
    (fp_line (start 1.65 -0.73) (end 1.65 0.73) (layer F.CrtYd) (width 0.05))
    (fp_line (start -1.65 -0.73) (end 1.65 -0.73) (layer F.CrtYd) (width 0.05))
    (fp_line (start -1.65 0.73) (end -1.65 -0.73) (layer F.CrtYd) (width 0.05))
    (fp_line (start -0.254724 0.5225) (end 0.254724 0.5225) (layer F.SilkS) (width 0.12))
    (fp_line (start -0.254724 -0.5225) (end 0.254724 -0.5225) (layer F.SilkS) (width 0.12))
    (fp_line (start 0.8 0.4125) (end -0.8 0.4125) (layer F.Fab) (width 0.1))
    (fp_line (start 0.8 -0.4125) (end 0.8 0.4125) (layer F.Fab) (width 0.1))
    (fp_line (start -0.8 -0.4125) (end 0.8 -0.4125) (layer F.Fab) (width 0.1))
    (fp_line (start -0.8 0.4125) (end -0.8 -0.4125) (layer F.Fab) (width 0.1))
    (fp_text user %R (at -1.25 0) (layer F.Fab)
      (effects (font (size 0.4 0.4) (thickness 0.06)))
    )
    (pad 2 smd roundrect (at 0.9125 0 90) (size 0.975 0.95) (layers F.Cu F.Paste F.Mask) (roundrect_rratio 0.25)
      (net 9 D+))
    (pad 1 smd roundrect (at -0.9125 0 90) (size 0.975 0.95) (layers F.Cu F.Paste F.Mask) (roundrect_rratio 0.25)
      (net 13 "Net-(J4-PadA6)"))
    (model ${KISYS3DMOD}/Resistor_SMD.3dshapes/R_0603_1608Metric.wrl
      (at (xyz 0 0 0))
      (scale (xyz 1 1 1))
      (rotate (xyz 0 0 0))
    )
  )

  (module LED_SMD:LED_0603_1608Metric_Pad1.05x0.95mm_HandSolder (layer F.Cu) (tedit 5F68FEF1) (tstamp 607D4615)
    (at 171.5 61.5 270)
    (descr "LED SMD 0603 (1608 Metric), square (rectangular) end terminal, IPC_7351 nominal, (Body size source: http://www.tortai-tech.com/upload/download/2011102023233369053.pdf), generated with kicad-footprint-generator")
    (tags "LED handsolder")
    (path /607D4A80)
    (attr smd)
    (fp_text reference D1 (at 0 -1.43 90) (layer F.SilkS)
      (effects (font (size 1 1) (thickness 0.15)))
    )
    (fp_text value LED (at 0 1.43 90) (layer F.Fab)
      (effects (font (size 1 1) (thickness 0.15)))
    )
    (fp_line (start 1.65 0.73) (end -1.65 0.73) (layer F.CrtYd) (width 0.05))
    (fp_line (start 1.65 -0.73) (end 1.65 0.73) (layer F.CrtYd) (width 0.05))
    (fp_line (start -1.65 -0.73) (end 1.65 -0.73) (layer F.CrtYd) (width 0.05))
    (fp_line (start -1.65 0.73) (end -1.65 -0.73) (layer F.CrtYd) (width 0.05))
    (fp_line (start -1.66 0.735) (end 0.8 0.735) (layer F.SilkS) (width 0.12))
    (fp_line (start -1.66 -0.735) (end -1.66 0.735) (layer F.SilkS) (width 0.12))
    (fp_line (start 0.8 -0.735) (end -1.66 -0.735) (layer F.SilkS) (width 0.12))
    (fp_line (start 0.8 0.4) (end 0.8 -0.4) (layer F.Fab) (width 0.1))
    (fp_line (start -0.8 0.4) (end 0.8 0.4) (layer F.Fab) (width 0.1))
    (fp_line (start -0.8 -0.1) (end -0.8 0.4) (layer F.Fab) (width 0.1))
    (fp_line (start -0.5 -0.4) (end -0.8 -0.1) (layer F.Fab) (width 0.1))
    (fp_line (start 0.8 -0.4) (end -0.5 -0.4) (layer F.Fab) (width 0.1))
    (fp_text user %R (at 0 0 90) (layer F.Fab)
      (effects (font (size 0.4 0.4) (thickness 0.06)))
    )
    (pad 2 smd roundrect (at 0.875 0 270) (size 1.05 0.95) (layers F.Cu F.Paste F.Mask) (roundrect_rratio 0.25)
      (net 20 "Net-(D1-Pad2)"))
    (pad 1 smd roundrect (at -0.875 0 270) (size 1.05 0.95) (layers F.Cu F.Paste F.Mask) (roundrect_rratio 0.25)
      (net 21 "Net-(D1-Pad1)"))
    (model ${KISYS3DMOD}/LED_SMD.3dshapes/LED_0603_1608Metric.wrl
      (at (xyz 0 0 0))
      (scale (xyz 1 1 1))
      (rotate (xyz 0 0 0))
    )
  )

  (module Resistor_SMD:R_0603_1608Metric_Pad0.98x0.95mm_HandSolder (layer B.Cu) (tedit 60892CB3) (tstamp 607D6D18)
    (at 177 86 90)
    (descr "Resistor SMD 0603 (1608 Metric), square (rectangular) end terminal, IPC_7351 nominal with elongated pad for handsoldering. (Body size source: IPC-SM-782 page 72, https://www.pcb-3d.com/wordpress/wp-content/uploads/ipc-sm-782a_amendment_1_and_2.pdf), generated with kicad-footprint-generator")
    (tags "resistor handsolder")
    (path /6049A32B)
    (attr smd)
    (fp_text reference R2 (at 0 1.25 90) (layer B.SilkS)
      (effects (font (size 0.5 0.5) (thickness 0.1)) (justify mirror))
    )
    (fp_text value 5K1 (at 0 0 90) (layer B.Fab)
      (effects (font (size 0.3 0.3) (thickness 0.05)) (justify mirror))
    )
    (fp_line (start 1.65 -0.73) (end -1.65 -0.73) (layer B.CrtYd) (width 0.05))
    (fp_line (start 1.65 0.73) (end 1.65 -0.73) (layer B.CrtYd) (width 0.05))
    (fp_line (start -1.65 0.73) (end 1.65 0.73) (layer B.CrtYd) (width 0.05))
    (fp_line (start -1.65 -0.73) (end -1.65 0.73) (layer B.CrtYd) (width 0.05))
    (fp_line (start -0.254724 -0.5225) (end 0.254724 -0.5225) (layer B.SilkS) (width 0.12))
    (fp_line (start -0.254724 0.5225) (end 0.254724 0.5225) (layer B.SilkS) (width 0.12))
    (fp_line (start 0.8 -0.4125) (end -0.8 -0.4125) (layer B.Fab) (width 0.1))
    (fp_line (start 0.8 0.4125) (end 0.8 -0.4125) (layer B.Fab) (width 0.1))
    (fp_line (start -0.8 0.4125) (end 0.8 0.4125) (layer B.Fab) (width 0.1))
    (fp_line (start -0.8 -0.4125) (end -0.8 0.4125) (layer B.Fab) (width 0.1))
    (fp_text user %R (at -1.25 0 180) (layer B.Fab)
      (effects (font (size 0.4 0.4) (thickness 0.06)) (justify mirror))
    )
    (pad 2 smd roundrect (at 0.9125 0 90) (size 0.975 0.95) (layers B.Cu B.Paste B.Mask) (roundrect_rratio 0.25)
      (net 16 "Net-(J4-PadB5)"))
    (pad 1 smd roundrect (at -0.9125 0 90) (size 0.975 0.95) (layers B.Cu B.Paste B.Mask) (roundrect_rratio 0.25)
      (net 1 GND))
    (model ${KISYS3DMOD}/Resistor_SMD.3dshapes/R_0603_1608Metric.wrl
      (at (xyz 0 0 0))
      (scale (xyz 1 1 1))
      (rotate (xyz 0 0 0))
    )
  )

  (module Resistor_SMD:R_0603_1608Metric_Pad0.98x0.95mm_HandSolder (layer B.Cu) (tedit 60892CB3) (tstamp 609093B6)
    (at 175 86 270)
    (descr "Resistor SMD 0603 (1608 Metric), square (rectangular) end terminal, IPC_7351 nominal with elongated pad for handsoldering. (Body size source: IPC-SM-782 page 72, https://www.pcb-3d.com/wordpress/wp-content/uploads/ipc-sm-782a_amendment_1_and_2.pdf), generated with kicad-footprint-generator")
    (tags "resistor handsolder")
    (path /6043A8AD)
    (attr smd)
    (fp_text reference R1 (at 0 1.25 270) (layer B.SilkS)
      (effects (font (size 0.5 0.5) (thickness 0.1)) (justify mirror))
    )
    (fp_text value 5K1 (at 0 0 270) (layer B.Fab)
      (effects (font (size 0.3 0.3) (thickness 0.05)) (justify mirror))
    )
    (fp_line (start 1.65 -0.73) (end -1.65 -0.73) (layer B.CrtYd) (width 0.05))
    (fp_line (start 1.65 0.73) (end 1.65 -0.73) (layer B.CrtYd) (width 0.05))
    (fp_line (start -1.65 0.73) (end 1.65 0.73) (layer B.CrtYd) (width 0.05))
    (fp_line (start -1.65 -0.73) (end -1.65 0.73) (layer B.CrtYd) (width 0.05))
    (fp_line (start -0.254724 -0.5225) (end 0.254724 -0.5225) (layer B.SilkS) (width 0.12))
    (fp_line (start -0.254724 0.5225) (end 0.254724 0.5225) (layer B.SilkS) (width 0.12))
    (fp_line (start 0.8 -0.4125) (end -0.8 -0.4125) (layer B.Fab) (width 0.1))
    (fp_line (start 0.8 0.4125) (end 0.8 -0.4125) (layer B.Fab) (width 0.1))
    (fp_line (start -0.8 0.4125) (end 0.8 0.4125) (layer B.Fab) (width 0.1))
    (fp_line (start -0.8 -0.4125) (end -0.8 0.4125) (layer B.Fab) (width 0.1))
    (fp_text user %R (at -1.25 0) (layer B.Fab)
      (effects (font (size 0.4 0.4) (thickness 0.06)) (justify mirror))
    )
    (pad 2 smd roundrect (at 0.9125 0 270) (size 0.975 0.95) (layers B.Cu B.Paste B.Mask) (roundrect_rratio 0.25)
      (net 1 GND))
    (pad 1 smd roundrect (at -0.9125 0 270) (size 0.975 0.95) (layers B.Cu B.Paste B.Mask) (roundrect_rratio 0.25)
      (net 15 "Net-(J4-PadA5)"))
    (model ${KISYS3DMOD}/Resistor_SMD.3dshapes/R_0603_1608Metric.wrl
      (at (xyz 0 0 0))
      (scale (xyz 1 1 1))
      (rotate (xyz 0 0 0))
    )
  )

  (module Resistor_SMD:R_0603_1608Metric_Pad0.98x0.95mm_HandSolder (layer F.Cu) (tedit 60892CB3) (tstamp 60908083)
    (at 173.7 75.9)
    (descr "Resistor SMD 0603 (1608 Metric), square (rectangular) end terminal, IPC_7351 nominal with elongated pad for handsoldering. (Body size source: IPC-SM-782 page 72, https://www.pcb-3d.com/wordpress/wp-content/uploads/ipc-sm-782a_amendment_1_and_2.pdf), generated with kicad-footprint-generator")
    (tags "resistor handsolder")
    (path /607E1676)
    (attr smd)
    (fp_text reference R6 (at 2.3 0.1) (layer F.SilkS)
      (effects (font (size 0.5 0.5) (thickness 0.1)))
    )
    (fp_text value 1k (at 0 0) (layer F.Fab)
      (effects (font (size 0.3 0.3) (thickness 0.05)))
    )
    (fp_line (start 1.65 0.73) (end -1.65 0.73) (layer F.CrtYd) (width 0.05))
    (fp_line (start 1.65 -0.73) (end 1.65 0.73) (layer F.CrtYd) (width 0.05))
    (fp_line (start -1.65 -0.73) (end 1.65 -0.73) (layer F.CrtYd) (width 0.05))
    (fp_line (start -1.65 0.73) (end -1.65 -0.73) (layer F.CrtYd) (width 0.05))
    (fp_line (start -0.254724 0.5225) (end 0.254724 0.5225) (layer F.SilkS) (width 0.12))
    (fp_line (start -0.254724 -0.5225) (end 0.254724 -0.5225) (layer F.SilkS) (width 0.12))
    (fp_line (start 0.8 0.4125) (end -0.8 0.4125) (layer F.Fab) (width 0.1))
    (fp_line (start 0.8 -0.4125) (end 0.8 0.4125) (layer F.Fab) (width 0.1))
    (fp_line (start -0.8 -0.4125) (end 0.8 -0.4125) (layer F.Fab) (width 0.1))
    (fp_line (start -0.8 0.4125) (end -0.8 -0.4125) (layer F.Fab) (width 0.1))
    (fp_text user %R (at -1.25 0 90) (layer F.Fab)
      (effects (font (size 0.4 0.4) (thickness 0.06)))
    )
    (pad 2 smd roundrect (at 0.9125 0) (size 0.975 0.95) (layers F.Cu F.Paste F.Mask) (roundrect_rratio 0.25)
      (net 7 RST))
    (pad 1 smd roundrect (at -0.9125 0) (size 0.975 0.95) (layers F.Cu F.Paste F.Mask) (roundrect_rratio 0.25)
      (net 23 "Net-(R6-Pad1)"))
    (model ${KISYS3DMOD}/Resistor_SMD.3dshapes/R_0603_1608Metric.wrl
      (at (xyz 0 0 0))
      (scale (xyz 1 1 1))
      (rotate (xyz 0 0 0))
    )
  )

  (module Resistor_SMD:R_0603_1608Metric_Pad0.98x0.95mm_HandSolder (layer F.Cu) (tedit 60892CB3) (tstamp 607B068A)
    (at 183 67 270)
    (descr "Resistor SMD 0603 (1608 Metric), square (rectangular) end terminal, IPC_7351 nominal with elongated pad for handsoldering. (Body size source: IPC-SM-782 page 72, https://www.pcb-3d.com/wordpress/wp-content/uploads/ipc-sm-782a_amendment_1_and_2.pdf), generated with kicad-footprint-generator")
    (tags "resistor handsolder")
    (path /607ADCD2)
    (attr smd)
    (fp_text reference R4 (at 0 -1 90) (layer F.SilkS)
      (effects (font (size 0.5 0.5) (thickness 0.1)))
    )
    (fp_text value 27R (at 0 0 90) (layer F.Fab)
      (effects (font (size 0.3 0.3) (thickness 0.05)))
    )
    (fp_line (start 1.65 0.73) (end -1.65 0.73) (layer F.CrtYd) (width 0.05))
    (fp_line (start 1.65 -0.73) (end 1.65 0.73) (layer F.CrtYd) (width 0.05))
    (fp_line (start -1.65 -0.73) (end 1.65 -0.73) (layer F.CrtYd) (width 0.05))
    (fp_line (start -1.65 0.73) (end -1.65 -0.73) (layer F.CrtYd) (width 0.05))
    (fp_line (start -0.254724 0.5225) (end 0.254724 0.5225) (layer F.SilkS) (width 0.12))
    (fp_line (start -0.254724 -0.5225) (end 0.254724 -0.5225) (layer F.SilkS) (width 0.12))
    (fp_line (start 0.8 0.4125) (end -0.8 0.4125) (layer F.Fab) (width 0.1))
    (fp_line (start 0.8 -0.4125) (end 0.8 0.4125) (layer F.Fab) (width 0.1))
    (fp_line (start -0.8 -0.4125) (end 0.8 -0.4125) (layer F.Fab) (width 0.1))
    (fp_line (start -0.8 0.4125) (end -0.8 -0.4125) (layer F.Fab) (width 0.1))
    (fp_text user %R (at -1.25 0) (layer F.Fab)
      (effects (font (size 0.4 0.4) (thickness 0.06)))
    )
    (pad 2 smd roundrect (at 0.9125 0 270) (size 0.975 0.95) (layers F.Cu F.Paste F.Mask) (roundrect_rratio 0.25)
      (net 8 D-))
    (pad 1 smd roundrect (at -0.9125 0 270) (size 0.975 0.95) (layers F.Cu F.Paste F.Mask) (roundrect_rratio 0.25)
      (net 12 "Net-(J4-PadA7)"))
    (model ${KISYS3DMOD}/Resistor_SMD.3dshapes/R_0603_1608Metric.wrl
      (at (xyz 0 0 0))
      (scale (xyz 1 1 1))
      (rotate (xyz 0 0 0))
    )
  )

  (module Resistor_SMD:R_0603_1608Metric_Pad0.98x0.95mm_HandSolder (layer F.Cu) (tedit 60892CB3) (tstamp 60908032)
    (at 173.7 74.3)
    (descr "Resistor SMD 0603 (1608 Metric), square (rectangular) end terminal, IPC_7351 nominal with elongated pad for handsoldering. (Body size source: IPC-SM-782 page 72, https://www.pcb-3d.com/wordpress/wp-content/uploads/ipc-sm-782a_amendment_1_and_2.pdf), generated with kicad-footprint-generator")
    (tags "resistor handsolder")
    (path /607D6065)
    (attr smd)
    (fp_text reference R3 (at 2.3 0.2) (layer F.SilkS)
      (effects (font (size 0.5 0.5) (thickness 0.1)))
    )
    (fp_text value 680R (at 0 0) (layer F.Fab)
      (effects (font (size 0.3 0.3) (thickness 0.05)))
    )
    (fp_line (start 1.65 0.73) (end -1.65 0.73) (layer F.CrtYd) (width 0.05))
    (fp_line (start 1.65 -0.73) (end 1.65 0.73) (layer F.CrtYd) (width 0.05))
    (fp_line (start -1.65 -0.73) (end 1.65 -0.73) (layer F.CrtYd) (width 0.05))
    (fp_line (start -1.65 0.73) (end -1.65 -0.73) (layer F.CrtYd) (width 0.05))
    (fp_line (start -0.254724 0.5225) (end 0.254724 0.5225) (layer F.SilkS) (width 0.12))
    (fp_line (start -0.254724 -0.5225) (end 0.254724 -0.5225) (layer F.SilkS) (width 0.12))
    (fp_line (start 0.8 0.4125) (end -0.8 0.4125) (layer F.Fab) (width 0.1))
    (fp_line (start 0.8 -0.4125) (end 0.8 0.4125) (layer F.Fab) (width 0.1))
    (fp_line (start -0.8 -0.4125) (end 0.8 -0.4125) (layer F.Fab) (width 0.1))
    (fp_line (start -0.8 0.4125) (end -0.8 -0.4125) (layer F.Fab) (width 0.1))
    (fp_text user %R (at -1.25 0 90) (layer F.Fab)
      (effects (font (size 0.4 0.4) (thickness 0.06)))
    )
    (pad 2 smd roundrect (at 0.9125 0) (size 0.975 0.95) (layers F.Cu F.Paste F.Mask) (roundrect_rratio 0.25)
      (net 20 "Net-(D1-Pad2)"))
    (pad 1 smd roundrect (at -0.9125 0) (size 0.975 0.95) (layers F.Cu F.Paste F.Mask) (roundrect_rratio 0.25)
      (net 4 +3V3))
    (model ${KISYS3DMOD}/Resistor_SMD.3dshapes/R_0603_1608Metric.wrl
      (at (xyz 0 0 0))
      (scale (xyz 1 1 1))
      (rotate (xyz 0 0 0))
    )
  )

  (module RevK:RegulatorBlock (layer B.Cu) (tedit 608FF2DE) (tstamp 608EDD43)
    (at 172.6 75.1)
    (path /608E858D)
    (fp_text reference Reg1 (at 4.5 -5.5) (layer B.SilkS)
      (effects (font (size 1 1) (thickness 0.15)) (justify mirror))
    )
    (fp_text value 3.3V (at 4 -1.5 270) (layer B.Fab)
      (effects (font (size 1 1) (thickness 0.15)) (justify mirror))
    )
    (fp_line (start 1.05 -5.4) (end 2.65 -5.7) (layer B.CrtYd) (width 0.12))
    (fp_line (start -1 -5.4) (end 1.05 -5.4) (layer B.CrtYd) (width 0.12))
    (fp_line (start -1 -2.6) (end -1 -5.4) (layer B.CrtYd) (width 0.12))
    (fp_line (start -1.25 -2.1) (end -1 -2.6) (layer B.CrtYd) (width 0.12))
    (fp_line (start -1.25 2.1) (end -1.25 -2.1) (layer B.CrtYd) (width 0.12))
    (fp_line (start 5.8 2.1) (end -1.25 2.1) (layer B.CrtYd) (width 0.12))
    (fp_line (start 5.8 -1.6) (end 5.8 2.1) (layer B.CrtYd) (width 0.12))
    (fp_line (start 5.95 -1.8) (end 5.8 -1.6) (layer B.CrtYd) (width 0.12))
    (fp_line (start 5.95 -3.65) (end 5.95 -1.8) (layer B.CrtYd) (width 0.12))
    (fp_line (start 5.85 -4.3) (end 5.95 -3.65) (layer B.CrtYd) (width 0.12))
    (fp_line (start 5.85 -5.7) (end 5.85 -4.3) (layer B.CrtYd) (width 0.12))
    (fp_line (start 2.65 -5.7) (end 5.85 -5.7) (layer B.CrtYd) (width 0.12))
    (fp_line (start 0.75 -4.75) (end 0.75 -4) (layer B.Cu) (width 0.25))
    (fp_line (start 0.5 3) (end 3.85 3) (layer B.Cu) (width 0.25))
    (fp_line (start -0.95 1.3) (end -0.95 2.5) (layer B.Cu) (width 0.25))
    (fp_line (start 1 2.5) (end 3.35 2.5) (layer B.Cu) (width 0.25))
    (fp_line (start 1 1.3) (end 1 2.5) (layer B.Cu) (width 0.25))
    (fp_line (start 3.35 -4) (end 3.35 2.5) (layer B.Cu) (width 0.25))
    (fp_line (start 0.75 -4) (end 3.35 -4) (layer B.Cu) (width 0.25))
    (fp_line (start 2.25 -3) (end 0.75 -3) (layer B.Cu) (width 0.25))
    (fp_line (start 2.25 -1) (end 2.25 -3) (layer B.Cu) (width 0.5))
    (fp_line (start 2.4 -1) (end 1 -1) (layer B.Cu) (width 0.5))
    (fp_line (start -1.75 -5.75) (end -1.75 3.25) (layer B.Fab) (width 0.12))
    (fp_line (start 6.25 -5.75) (end -1.75 -5.75) (layer B.Fab) (width 0.12))
    (fp_line (start 6.25 3.25) (end 6.25 -5.75) (layer B.Fab) (width 0.12))
    (fp_line (start -1.75 3.25) (end 6.25 3.25) (layer B.Fab) (width 0.12))
    (fp_line (start -1.75 -5.75) (end -1.75 3.25) (layer B.SilkS) (width 0.12))
    (fp_line (start 6.25 -5.75) (end -1.75 -5.75) (layer B.SilkS) (width 0.12))
    (fp_line (start 6.25 3.25) (end 6.25 -5.75) (layer B.SilkS) (width 0.12))
    (fp_line (start -1.75 3.25) (end 6.25 3.25) (layer B.SilkS) (width 0.12))
    (fp_line (start 3.85 0.25) (end 3.85 3) (layer B.Cu) (width 0.25))
    (fp_line (start 3.85 0.25) (end 4.7 0.25) (layer B.Cu) (width 0.25))
    (fp_line (start 0.5 2.5) (end 0.5 3) (layer B.Cu) (width 0.25))
    (fp_line (start 0.5 2.5) (end -0.95 2.5) (layer B.Cu) (width 0.25))
    (pad 4 smd rect (at 4.8 -0.7 270) (size 0.5 1) (layers B.Cu)
      (net 4 +3V3) (zone_connect 0))
    (pad 4 smd roundrect (at 3.95 -4.3 225) (size 0.5 0.5) (layers B.Cu) (roundrect_rratio 0.25)
      (net 4 +3V3) (zone_connect 0))
    (pad 4 smd roundrect (at 4 -4.15) (size 0.5 0.5) (layers B.Cu) (roundrect_rratio 0.25)
      (net 4 +3V3) (zone_connect 0))
    (pad 4 smd rect (at 3.7 -4.55 225) (size 0.5 1) (layers B.Cu)
      (net 4 +3V3) (zone_connect 0))
    (pad 2 smd roundrect (at 0 -2.2) (size 0.5 0.5) (layers B.Cu) (roundrect_rratio 0.25)
      (net 2 VBUS) (zone_connect 0))
    (pad 2 smd roundrect (at -0.05 -2.35 225) (size 0.5 0.5) (layers B.Cu) (roundrect_rratio 0.25)
      (net 2 VBUS) (zone_connect 0))
    (pad 2 smd rect (at 0 -1.85) (size 0.5 1) (layers B.Cu)
      (net 2 VBUS) (zone_connect 0))
    (pad 2 smd rect (at -0.35 -2.65 225) (size 0.5 1) (layers B.Cu)
      (net 2 VBUS) (zone_connect 0))
    (pad 3 smd rect (at 5.25 -4.35) (size 0.5 1) (layers B.Cu)
      (net 1 GND) (zone_connect 0))
    (pad 3 smd rect (at 5.25 -3.5) (size 0.5 1) (layers B.Cu)
      (net 1 GND) (zone_connect 0))
    (pad 3 smd rect (at 0 0.75) (size 0.5 1) (layers B.Cu)
      (net 1 GND) (zone_connect 0))
    (pad 3 smd rect (at 0 0.15) (size 0.5 0.8) (layers B.Cu)
      (net 1 GND) (zone_connect 0))
    (pad 3 smd rect (at 5.25 -4) (size 0.5 1) (layers B.Cu)
      (net 1 GND) (zone_connect 0))
    (pad 4 smd roundrect (at 4 -0.7) (size 0.5 0.5) (layers B.Cu) (roundrect_rratio 0.25)
      (net 4 +3V3) (zone_connect 0))
    (pad 4 smd rect (at 4.4 -0.7 270) (size 0.5 1) (layers B.Cu)
      (net 4 +3V3) (zone_connect 0))
    (pad 4 smd rect (at 4 -2.4) (size 0.5 3.65) (layers B.Cu)
      (net 4 +3V3) (zone_connect 0))
    (pad ~ smd roundrect (at 2.2625 -2.75) (size 1.425 1.75) (layers B.Cu B.Paste B.Mask) (roundrect_rratio 0.1749985964912281))
    (pad 3 smd roundrect (at 5.2375 -2.75) (size 1.425 1.75) (layers B.Cu B.Paste B.Mask) (roundrect_rratio 0.1749985964912281)
      (net 1 GND) (zone_connect 0))
    (pad 3 smd rect (at 0 0 270) (size 0.5 2.5) (layers B.Cu)
      (net 1 GND))
    (pad 3 smd rect (at 0 0.4) (size 0.5 0.8) (layers B.Cu)
      (net 1 GND) (zone_connect 0))
    (pad 4 smd rect (at 5.25 0.25 270) (size 3.7 1.1) (layers B.Cu B.Paste B.Mask)
      (net 4 +3V3))
    (pad ~ smd rect (at 2.25 0.25 270) (size 3.7 1.1) (layers B.Cu B.Paste B.Mask))
    (pad 3 smd roundrect (at 5.275 -5) (size 1.15 1.4) (layers B.Cu B.Paste B.Mask) (roundrect_rratio 0.217)
      (net 1 GND) (zone_connect 0))
    (pad 4 smd roundrect (at 3.225 -5) (size 1.15 1.4) (layers B.Cu B.Paste B.Mask) (roundrect_rratio 0.217)
      (net 4 +3V3) (zone_connect 0))
    (pad 3 smd roundrect (at -0.5 -4.8625 270) (size 1.075 0.95) (layers B.Cu B.Paste B.Mask) (roundrect_rratio 0.25)
      (net 1 GND) (zone_connect 0))
    (pad 2 smd roundrect (at -0.5 -3.1375 270) (size 1.075 0.95) (layers B.Cu B.Paste B.Mask) (roundrect_rratio 0.25)
      (net 2 VBUS))
    (pad ~ smd roundrect (at 0.75 -4.8625 270) (size 1.075 0.95) (layers B.Cu B.Paste B.Mask) (roundrect_rratio 0.25))
    (pad ~ smd roundrect (at 0.75 -3.1375 270) (size 1.075 0.95) (layers B.Cu B.Paste B.Mask) (roundrect_rratio 0.25))
    (pad 1 smd rect (at -0.95 -1.35 270) (size 1.56 0.65) (layers B.Cu B.Paste B.Mask)
      (net 2 VBUS))
    (pad 2 smd rect (at 0 -1.35 270) (size 1.56 0.65) (layers B.Cu B.Paste B.Mask)
      (net 2 VBUS))
    (pad ~ smd rect (at 0.95 -1.35 270) (size 1.56 0.65) (layers B.Cu B.Paste B.Mask))
    (pad ~ smd rect (at 0.95 1.35 270) (size 1.56 0.65) (layers B.Cu B.Paste B.Mask))
    (pad ~ smd rect (at -0.95 1.35 270) (size 1.56 0.65) (layers B.Cu B.Paste B.Mask)
      (zone_connect 0))
    (pad 3 smd rect (at 0 1.35 270) (size 1.56 0.65) (layers B.Cu B.Paste B.Mask)
      (net 1 GND))
    (model ${KISYS3DMOD}/Package_TO_SOT_SMD.3dshapes/SOT-23-6.wrl
      (at (xyz 0 0 0))
      (scale (xyz 1 1 1))
      (rotate (xyz 0 0 90))
    )
    (model ${KISYS3DMOD}/Capacitor_SMD.3dshapes/C_0603_1608Metric.wrl
      (offset (xyz 0.75 -4 0))
      (scale (xyz 1 1 1))
      (rotate (xyz 0 0 90))
    )
    (model ${KISYS3DMOD}/Capacitor_SMD.3dshapes/C_0603_1608Metric.wrl
      (offset (xyz -0.5 -4 0))
      (scale (xyz 1 1 1))
      (rotate (xyz 0 0 90))
    )
    (model ${KISYS3DMOD}/Capacitor_SMD.3dshapes/C_0805_2012Metric.wrl
      (offset (xyz 4.25 -5 0))
      (scale (xyz 1 1 1))
      (rotate (xyz 0 0 0))
    )
    (model /Users/adrian/Documents/KiCad/3D/TYA4020.wrl
      (offset (xyz 4 0.25 0))
      (scale (xyz 1 1 1))
      (rotate (xyz 0 0 90))
    )
    (model ${KISYS3DMOD}/Diode_SMD.3dshapes/D_1206_3216Metric.wrl
      (offset (xyz 3.75 -2.75 0))
      (scale (xyz 1 1 1))
      (rotate (xyz 0 0 0))
    )
  )

  (module RevK:Special-SOP-4-3.7x4.55 (layer F.Cu) (tedit 60880F67) (tstamp 6082D326)
    (at 175.8 78.7 270)
    (path /6083CB16)
    (fp_text reference U2 (at 0 5 90) (layer F.SilkS)
      (effects (font (size 1 1) (thickness 0.15)))
    )
    (fp_text value "G3VM-61VY3(TR)" (at 2.8 0.1 180) (layer F.Fab)
      (effects (font (size 0.5 0.5) (thickness 0.1)))
    )
    (fp_line (start -2 2.25) (end -2 -2.25) (layer F.Fab) (width 0.12))
    (fp_line (start 2 2.25) (end -2 2.25) (layer F.Fab) (width 0.12))
    (fp_line (start 2 -2.25) (end 2 2.25) (layer F.Fab) (width 0.12))
    (fp_line (start -2 -2.25) (end 2 -2.25) (layer F.Fab) (width 0.12))
    (fp_line (start -1.95 2.2) (end -1.95 -2.2) (layer F.CrtYd) (width 0.12))
    (fp_line (start 1.95 2.2) (end -1.95 2.2) (layer F.CrtYd) (width 0.12))
    (fp_line (start 1.95 -2.2) (end 1.95 2.2) (layer F.CrtYd) (width 0.12))
    (fp_line (start -1.95 -2.2) (end 1.95 -2.2) (layer F.CrtYd) (width 0.12))
    (fp_line (start -1.95 2.2) (end -1.95 -2.2) (layer Dwgs.User) (width 0.12))
    (fp_line (start 1.95 2.2) (end -1.95 2.2) (layer Dwgs.User) (width 0.12))
    (fp_line (start 1.95 -2.2) (end 1.95 2.2) (layer Dwgs.User) (width 0.12))
    (fp_line (start -1.95 -2.2) (end 1.95 -2.2) (layer Dwgs.User) (width 0.12))
    (pad 1 smd rect (at -1.27 3 270) (size 0.8 1.2) (layers F.Cu F.Paste F.Mask)
      (net 23 "Net-(R6-Pad1)"))
    (pad 2 smd rect (at 1.27 3 270) (size 0.8 1.2) (layers F.Cu F.Paste F.Mask)
      (net 1 GND))
    (pad 3 smd rect (at 1.27 -3 270) (size 0.8 1.2) (layers F.Cu F.Paste F.Mask)
      (net 22 "Net-(J1-Pad3)"))
    (pad 4 smd rect (at -1.27 -3 270) (size 0.8 1.2) (layers F.Cu F.Paste F.Mask)
      (net 4 +3V3))
    (model ${KISYS3DMOD}/Package_SO.3dshapes/SO-4_4.4x3.6mm_P2.54mm.wrl
      (at (xyz 0 0 0))
      (scale (xyz 1 1 1))
      (rotate (xyz 0 0 90))
    )
  )

  (module Connector_PinHeader_1.27mm:PinHeader_1x06_P1.27mm_Vertical (layer F.Cu) (tedit 59FED6E3) (tstamp 607B0458)
    (at 180.5 62.5 270)
    (descr "Through hole straight pin header, 1x06, 1.27mm pitch, single row")
    (tags "Through hole pin header THT 1x06 1.27mm single row")
    (path /607C703E)
    (fp_text reference J3 (at 0 8.1 90) (layer B.SilkS)
      (effects (font (size 1 1) (thickness 0.15)) (justify mirror))
    )
    (fp_text value "Shelly i3" (at 0.1 3.2 180) (layer F.Fab)
      (effects (font (size 1 1) (thickness 0.15)))
    )
    (fp_line (start 1.55 -1.15) (end -1.55 -1.15) (layer F.CrtYd) (width 0.05))
    (fp_line (start 1.55 7.5) (end 1.55 -1.15) (layer F.CrtYd) (width 0.05))
    (fp_line (start -1.55 7.5) (end 1.55 7.5) (layer F.CrtYd) (width 0.05))
    (fp_line (start -1.55 -1.15) (end -1.55 7.5) (layer F.CrtYd) (width 0.05))
    (fp_line (start -1.11 -0.76) (end 0 -0.76) (layer F.SilkS) (width 0.12))
    (fp_line (start -1.11 0) (end -1.11 -0.76) (layer F.SilkS) (width 0.12))
    (fp_line (start 0.563471 0.76) (end 1.11 0.76) (layer F.SilkS) (width 0.12))
    (fp_line (start -1.11 0.76) (end -0.563471 0.76) (layer F.SilkS) (width 0.12))
    (fp_line (start 1.11 0.76) (end 1.11 7.045) (layer F.SilkS) (width 0.12))
    (fp_line (start -1.11 0.76) (end -1.11 7.045) (layer F.SilkS) (width 0.12))
    (fp_line (start 0.30753 7.045) (end 1.11 7.045) (layer F.SilkS) (width 0.12))
    (fp_line (start -1.11 7.045) (end -0.30753 7.045) (layer F.SilkS) (width 0.12))
    (fp_line (start -1.05 -0.11) (end -0.525 -0.635) (layer F.Fab) (width 0.1))
    (fp_line (start -1.05 6.985) (end -1.05 -0.11) (layer F.Fab) (width 0.1))
    (fp_line (start 1.05 6.985) (end -1.05 6.985) (layer F.Fab) (width 0.1))
    (fp_line (start 1.05 -0.635) (end 1.05 6.985) (layer F.Fab) (width 0.1))
    (fp_line (start -0.525 -0.635) (end 1.05 -0.635) (layer F.Fab) (width 0.1))
    (fp_text user %R (at 0.1 4.4) (layer F.Fab) hide
      (effects (font (size 1 1) (thickness 0.15)))
    )
    (pad 6 thru_hole oval (at 0 6.35 270) (size 1 1) (drill 0.65) (layers *.Cu *.Mask)
      (net 6 TXD))
    (pad 5 thru_hole oval (at 0 5.08 270) (size 1 1) (drill 0.65) (layers *.Cu *.Mask)
      (net 3 RXD))
    (pad 4 thru_hole oval (at 0 3.81 270) (size 1 1) (drill 0.65) (layers *.Cu *.Mask)
      (net 4 +3V3))
    (pad 3 thru_hole oval (at 0 2.54 270) (size 1 1) (drill 0.65) (layers *.Cu *.Mask)
      (net 7 RST))
    (pad 2 thru_hole oval (at 0 1.27 270) (size 1 1) (drill 0.65) (layers *.Cu *.Mask)
      (net 5 GPIO0))
    (pad 1 thru_hole rect (at 0 0 270) (size 1 1) (drill 0.65) (layers *.Cu *.Mask)
      (net 1 GND))
    (model ${KISYS3DMOD}/Connector_PinHeader_1.27mm.3dshapes/PinHeader_1x06_P1.27mm_Vertical.wrl
      (at (xyz 0 0 0))
      (scale (xyz 1 1 1))
      (rotate (xyz 0 0 0))
    )
  )

  (module RevK:USC16-TR-Round (layer F.Cu) (tedit 609138B9) (tstamp 607DCF90)
    (at 176 89)
    (descr "USB Type C CMT R/A PCB  Mount Socket 16pin Power+Data")
    (tags USB-C)
    (path /60436927)
    (attr smd)
    (fp_text reference J4 (at -5.2 -4 90) (layer F.SilkS)
      (effects (font (size 1 1) (thickness 0.15)))
    )
    (fp_text value USB-C (at 0.4 -0.4) (layer F.Fab)
      (effects (font (size 1 1) (thickness 0.15)))
    )
    (fp_line (start -5 0) (end 5 0) (layer Dwgs.User) (width 0.12))
    (fp_line (start -4.47 0.49) (end 4.47 0.49) (layer F.SilkS) (width 0.12))
    (fp_line (start 4.47 -6.86) (end 4.47 0.49) (layer F.SilkS) (width 0.12))
    (fp_line (start -4.47 -6.86) (end 4.47 -6.86) (layer F.SilkS) (width 0.12))
    (fp_line (start -4.47 0.49) (end -4.47 -6.86) (layer F.SilkS) (width 0.12))
    (fp_line (start -4.5 0.5) (end -4.5 -6.9) (layer F.CrtYd) (width 0.12))
    (fp_line (start -4.5 -6.9) (end 4.5 -6.9) (layer F.CrtYd) (width 0.12))
    (fp_line (start 4.5 -6.9) (end 4.5 0.5) (layer F.CrtYd) (width 0.12))
    (fp_line (start 4.5 0.5) (end -4.5 0.5) (layer F.CrtYd) (width 0.12))
    (pad "" smd roundrect (at -0.585 -3.285) (size 0.93 0.93) (layers F.Paste) (roundrect_rratio 0.25))
    (pad "" smd roundrect (at -0.585 -2.135) (size 0.93 0.93) (layers F.Paste) (roundrect_rratio 0.25))
    (pad "" smd roundrect (at -0.585 -0.985) (size 0.93 0.93) (layers F.Paste) (roundrect_rratio 0.25))
    (pad "" smd roundrect (at 0.565 -4.435) (size 0.93 0.93) (layers F.Paste) (roundrect_rratio 0.25))
    (pad "" smd roundrect (at 0.565 -3.285) (size 0.93 0.93) (layers F.Paste) (roundrect_rratio 0.25))
    (pad "" smd roundrect (at 0.565 -2.135) (size 0.93 0.93) (layers F.Paste) (roundrect_rratio 0.25))
    (pad "" smd roundrect (at 0.565 -0.985) (size 0.93 0.93) (layers F.Paste) (roundrect_rratio 0.25))
    (pad "" smd roundrect (at 1.715 -4.435) (size 0.93 0.93) (layers F.Paste) (roundrect_rratio 0.25))
    (pad "" smd roundrect (at 1.715 -3.285) (size 0.93 0.93) (layers F.Paste) (roundrect_rratio 0.25))
    (pad "" smd roundrect (at 1.715 -2.135) (size 0.93 0.93) (layers F.Paste) (roundrect_rratio 0.25))
    (pad "" smd roundrect (at 1.715 -0.985) (size 0.93 0.93) (layers F.Paste) (roundrect_rratio 0.25))
    (pad "" smd roundrect (at -1.735 -4.435) (size 0.93 0.93) (layers F.Paste) (roundrect_rratio 0.25))
    (pad "" smd roundrect (at -1.735 -3.285) (size 0.93 0.93) (layers F.Paste) (roundrect_rratio 0.25))
    (pad "" smd roundrect (at -1.735 -2.135) (size 0.93 0.93) (layers F.Paste) (roundrect_rratio 0.25))
    (pad "" smd roundrect (at -1.735 -0.985) (size 0.93 0.93) (layers F.Paste) (roundrect_rratio 0.25))
    (pad "" smd roundrect (at -0.585 -4.435) (size 0.93 0.93) (layers F.Paste) (roundrect_rratio 0.25))
    (pad S1 smd rect (at 4.02 -5.42 180) (size 0.2 0.5) (layers F.Cu)
      (net 1 GND))
    (pad S1 smd rect (at -4.03 -5.43 180) (size 0.2 0.5) (layers F.Cu)
      (net 1 GND))
    (pad S1 smd rect (at 2.89 -5.44 180) (size 0.2 0.5) (layers F.Cu)
      (net 1 GND))
    (pad S1 smd rect (at 2.89 -5.57 180) (size 0.2 0.5) (layers F.Cu)
      (net 1 GND))
    (pad S1 smd rect (at -2.9 -5.44 180) (size 0.2 0.5) (layers F.Cu)
      (net 1 GND))
    (pad S1 smd rect (at -2.9 -5.59 180) (size 0.2 0.5) (layers F.Cu)
      (net 1 GND))
    (pad S1 smd rect (at -3.61 -2.08 90) (size 0.2 0.5) (layers F.Cu)
      (net 1 GND))
    (pad S1 smd rect (at 3.43 -6.44 225) (size 0.2 0.5) (layers F.Cu)
      (net 1 GND))
    (pad S1 smd rect (at -3.45 -6.38 135) (size 0.2 0.5) (layers F.Cu)
      (net 1 GND))
    (pad S1 smd rect (at 3.62 -2.08 90) (size 0.2 0.5) (layers F.Cu)
      (net 1 GND))
    (pad S1 smd rect (at 0 -2.745) (size 8.34 5.49) (layers F.Cu F.Mask)
      (net 1 GND))
    (pad A12 smd rect (at 3.2 -6.86) (size 0.6 1.14) (layers F.Cu)
      (net 1 GND))
    (pad A4 smd rect (at -2.4 -6.86) (size 0.6 1.14) (layers F.Cu F.Paste F.Mask)
      (net 2 VBUS))
    (pad B12 smd rect (at -3.2 -6.86) (size 0.6 1.14) (layers F.Cu)
      (net 1 GND))
    (pad B4 smd rect (at 2.4 -6.86) (size 0.6 1.14) (layers F.Cu F.Paste F.Mask)
      (net 2 VBUS))
    (pad S1 thru_hole circle (at 4.325 -2.09) (size 1.7 1.7) (drill 1.2) (layers *.Cu *.Mask)
      (net 1 GND))
    (pad S1 thru_hole circle (at -4.325 -2.09) (size 1.7 1.7) (drill 1.2) (layers *.Cu *.Mask)
      (net 1 GND))
    (pad S1 thru_hole circle (at 4.325 -6.27) (size 2 2) (drill 1.5) (layers *.Cu *.Mask)
      (net 1 GND))
    (pad S1 thru_hole circle (at -4.325 -6.27) (size 2 2) (drill 1.5) (layers *.Cu *.Mask)
      (net 1 GND))
    (pad A7 smd rect (at 0.25 -6.86) (size 0.3 1.14) (layers F.Cu F.Paste F.Mask)
      (net 12 "Net-(J4-PadA7)"))
    (pad A6 smd rect (at -0.25 -6.86) (size 0.3 1.14) (layers F.Cu F.Paste F.Mask)
      (net 13 "Net-(J4-PadA6)"))
    (pad B6 smd rect (at 0.75 -6.86) (size 0.3 1.14) (layers F.Cu F.Paste F.Mask)
      (net 13 "Net-(J4-PadA6)"))
    (pad B7 smd rect (at -0.75 -6.86) (size 0.3 1.14) (layers F.Cu F.Paste F.Mask)
      (net 12 "Net-(J4-PadA7)"))
    (pad A8 smd rect (at 1.25 -6.86) (size 0.3 1.14) (layers F.Cu F.Paste F.Mask)
      (net 14 "Net-(J4-PadA8)"))
    (pad A5 smd rect (at -1.25 -6.86) (size 0.3 1.14) (layers F.Cu F.Paste F.Mask)
      (net 15 "Net-(J4-PadA5)"))
    (pad B5 smd rect (at 1.75 -6.86) (size 0.3 1.14) (layers F.Cu F.Paste F.Mask)
      (net 16 "Net-(J4-PadB5)"))
    (pad B8 smd rect (at -1.75 -6.86) (size 0.3 1.14) (layers F.Cu F.Paste F.Mask)
      (net 17 "Net-(J4-PadB8)"))
    (pad A9 smd rect (at 2.4 -6.86) (size 0.6 1.14) (layers F.Cu)
      (net 2 VBUS))
    (pad B9 smd rect (at -2.4 -6.86) (size 0.6 1.14) (layers F.Cu)
      (net 2 VBUS))
    (pad B1 smd rect (at 3.2 -6.86) (size 0.6 1.14) (layers F.Cu F.Paste F.Mask)
      (net 1 GND))
    (pad S1 thru_hole circle (at 2.89 -5.79) (size 0.6 0.6) (drill 0.6) (layers *.Cu)
      (net 1 GND))
    (pad S1 thru_hole circle (at -2.89 -5.79) (size 0.6 0.6) (drill 0.6) (layers *.Cu)
      (net 1 GND))
    (pad A1 smd rect (at -3.2 -6.86) (size 0.6 1.14) (layers F.Cu F.Paste F.Mask)
      (net 1 GND))
    (model /Users/adrian/Documents/KiCad/3D/CSP-USC16-TR.step
      (offset (xyz 0 3.35 0))
      (scale (xyz 1 1 1))
      (rotate (xyz -90 0 0))
    )
  )

  (module "RevK:QFN-20-(hand)-1EP_4x4mm_P0.5mm_EP2.5x2.5mm" (layer F.Cu) (tedit 60923D64) (tstamp 607D81AE)
    (at 178.375 68.875 90)
    (descr "QFN, 20 Pin (http://ww1.microchip.com/downloads/en/PackagingSpec/00000049BQ.pdf#page=274), generated with kicad-footprint-generator ipc_noLead_generator.py")
    (tags "QFN NoLead")
    (path /607D3E37)
    (attr smd)
    (fp_text reference U1 (at 0 -3.3 90) (layer F.SilkS)
      (effects (font (size 1 1) (thickness 0.15)))
    )
    (fp_text value FT231XQ (at 0.175 0.025 180) (layer F.Fab)
      (effects (font (size 0.5 0.5) (thickness 0.1)))
    )
    (fp_line (start 2.6 -2.6) (end -2.6 -2.6) (layer F.CrtYd) (width 0.05))
    (fp_line (start 2.6 2.6) (end 2.6 -2.6) (layer F.CrtYd) (width 0.05))
    (fp_line (start -2.6 2.6) (end 2.6 2.6) (layer F.CrtYd) (width 0.05))
    (fp_line (start -2.6 -2.6) (end -2.6 2.6) (layer F.CrtYd) (width 0.05))
    (fp_line (start -2 -1) (end -1 -2) (layer F.Fab) (width 0.1))
